0106
0103
0107
0202
0203
0101
0102
0701
0602
0601
0502
0501
0309
0707
0603
0607
0503
0507
0303
0705
0606
0605
0506
0505
0306
1105
1106
1005
1006
0905
0906
0805
1107
1103
1007
1003
0907
0903
0807
1101
1102
1001
1002
0901
0902
0801
1701
1702
1602
1601
1501
1502
1202
1703
1707
1603
1607
1503
1507
1203
1706
1705
1605
1606
1505
1506
1206
2106
2005
2006
1905
1906
1805
2103
2007
2003
1907
1903
1807
2102
2001
2002
1901
1902
1801
2601
2502
2501
2302
2301
2202
2607
2503
2507
2303
2307
2203
2605
2506
2505
2306
2305
2206
3006
2905
2906
2805
2806
2705
3003
2907
2903
2807
2803
2707
3002
2901
2902
2801
2802
2701
3501
3302
3301
3201
3202
3101
3102
3602
3601
3702
3701
3802
3801
3507
3303
3307
3203
3207
3103
3107
3603
3607
3703
3707
3803
3807
3505
3306
3305
3206
3205
3106
3105
3606
3605
3706
3705
3806
3805
3902
5001
5002
5101
3903
5007
5003
5107
3906
5005
5006
5105
5205
5306
5305
5506
5505
5606
5207
5303
5307
5503
5507
5603
5201
5302
5301
5502
5501
5602
5702
5801
5802
5901
5902
6001
5703
5807
5803
5907
5903
6007
5706
5805
5806
5905
5906
6005
6105
6206
6205
6306
6305
6506
6107
6203
6207
6303
6307
6503
6101
6202
6201
6302
6301
6502
6601
6702
6701
6802
6801
7202
7201
7302
7301
7502
7501
7203
7207
7303
7307
7503
7507
7206
7205
7306
7305
7506
7605
7606
7607
7603
7602
6902
7001
7002
7101
7102
6903
7007
7003
7107
7103
6906
7005
7006
7105
7106
6605
6706
6705
6806
6805
6607
6703
6707
6803
6807
